1.000000000000000056e-01 1.975584378307590396e-03 4.895250463559936826e-04
2.000000000000000111e-01 4.179897027429452065e-03 9.964915719668844020e-04
2.999999999999999889e-01 6.321421523778769300e-03 1.440310770052325058e-03
4.000000000000000222e-01 8.493218879500566421e-03 1.860351270470841142e-03
5.000000000000000000e-01 1.042843944531151798e-02 2.161516228703177101e-03
5.999999999999999778e-01 1.229302333925335992e-02 2.402958948508696676e-03
6.999999999999999556e-01 1.393560626446369889e-02 2.557371734117058065e-03
8.000000000000000444e-01 1.603564573130258561e-02 2.709962813394913711e-03
9.000000000000000222e-01 1.771522881796817536e-02 2.773331709852954168e-03
1.000000000000000000e+00 1.960784313725490169e-02 2.791289572067800432e-03
