3	13699
3.1	13700
3.2	13761
3.3	13749
3.4	13795
3.5	13862
3.6	13682
3.7	12882
3.8	13530
3.9	13641
4	8858
4.1	5524
4.2	4681
4.3	4040
4.4	3688
4.5	3384
4.6	3041
4.7	2815
4.8	2389
4.9	2027
5	1779
5.1	1476
5.2	1237
5.3	1016
5.4	836
5.5	740
5.6	710
5.7	664
5.8	656
5.9	675
6	698
6.1	709
6.2	723
6.3	716
6.4	763
6.5	796
6.6	780
6.7	816
6.8	841
6.9	876
7	898
7.1	925
7.2	950
7.3	1031
7.4	1057
7.5	1060
7.6	1100
7.7	1148
7.8	1198
7.9	1206
8	1256
8.1	1251
8.2	1247
8.3	1277
8.4	1282
8.5	1338
8.6	1335
8.7	1322
8.8	1345
8.9	1387
9	1366
9.1	1329
9.2	1282
9.3	1289
9.4	1255
9.5	1199
9.6	1161
9.7	1124
9.8	1071
9.9	1013
10	933
10.1	891
10.2	835
10.3	789
10.4	742
10.5	699
10.6	641
10.7	584
10.8	551
10.9	517
11	479
11.1	445
11.2	413
11.3	376
11.4	378
11.5	334
11.6	328
11.7	313
11.8	272
11.9	279
12	273
12.1	264
12.2	253
12.3	256
12.4	249
12.5	242
12.6	218
12.7	225
12.8	214
12.9	203
13	200
13.1	211
13.2	224
13.3	218
13.4	214
13.5	227
13.6	229
13.7	239
13.8	224
13.9	222
14	238
14.1	233
14.2	210
14.3	213
14.4	190
14.5	186
14.6	194
14.7	169
14.8	190
14.9	194
15	188
15.1	182
15.2	195
15.3	188
15.4	173
15.5	179
15.6	184
15.7	193
15.8	171
15.9	179
16	182
16.1	180
16.2	191
16.3	184
16.4	182
16.5	179
16.6	174
16.7	186
16.8	182
16.9	173
17	183
17.1	167
17.2	192
17.3	181
17.4	168
17.5	174
17.6	195
17.7	199
17.8	190
17.9	192
18	170
18.1	199
18.2	199
18.3	168
18.4	184
18.5	187
18.6	181
18.7	185
18.8	182
18.9	170
19	167
19.1	188
19.2	183
19.3	184
19.4	193
19.5	190
19.6	199
19.7	206
19.8	214
19.9	212
20	203
20.1	209
20.2	191
20.3	191
20.4	181
20.5	184
20.6	191
20.7	202
20.8	178
20.9	186
21	163
21.1	183
21.2	161
21.3	168
21.4	162
21.5	179
21.6	168
21.7	178
21.8	169
21.9	173
22	171
22.1	168
22.2	169
22.3	174
22.4	194
22.5	184
22.6	145
22.7	178
22.8	164
22.9	172
23	182
23.1	165
23.2	175
23.3	177
23.4	180
23.5	167
23.6	185
23.7	173
23.8	183
23.9	162
24	146
24.1	163
24.2	158
24.3	160
24.4	155
24.5	157
24.6	162
24.7	170
24.8	159
24.9	165
25	164
25.1	171
25.2	160
25.3	162
25.4	166
25.5	173
25.6	166
25.7	164
25.8	148
25.9	162
26	164
26.1	159
26.2	161
26.3	156
26.4	160
26.5	169
26.6	155
26.7	165
26.8	147
26.9	156
27	171
27.1	160
27.2	173
27.3	168
27.4	171
27.5	171
27.6	161
27.7	189
27.8	166
27.9	171
28	167
28.1	182
28.2	172
28.3	181
28.4	188
28.5	182
28.6	174
28.7	180
28.8	178
28.9	165
29	175
29.1	181
29.2	170
29.3	163
29.4	157
29.5	155
29.6	162
29.7	150
29.8	172
29.9	163
30	156
30.1	168
30.2	172
30.3	160
30.4	146
30.5	155
30.6	170
30.7	153
30.8	153
30.9	161
31	163
31.1	160
31.2	153
31.3	153
31.4	150
31.5	157
31.6	150
31.7	162
31.8	163
31.9	159
32	166
32.1	169
32.2	171
32.3	176
32.4	162
32.5	165
32.6	158
32.7	164
32.8	161
32.9	164
33	164
33.1	160
33.2	166
33.3	170
33.4	162
33.5	176
33.6	174
33.7	174
33.8	171
33.9	175
34	183
34.1	156
34.2	161
34.3	170
34.4	172
34.5	164
34.6	152
34.7	157
34.8	162
34.9	173
35	163
35.1	165
35.2	151
35.3	173
35.4	164
35.5	150
35.6	144
35.7	156
35.8	165
35.9	161
36	167
36.1	155
36.2	158
36.3	148
36.4	152
36.5	144
36.6	162
36.7	165
36.8	141
36.9	157
37	169
37.1	169
37.2	162
37.3	158
37.4	151
37.5	157
37.6	169
37.7	150
37.8	145
37.9	155
38	174
38.1	150
38.2	168
38.3	148
38.4	168
38.5	157
38.6	154
38.7	154
38.8	147
38.9	173
39	175
39.1	165
39.2	166
39.3	169
39.4	160
39.5	176
39.6	173
39.7	183
39.8	168
39.9	165
40	177
40.1	179
40.2	173
40.3	169
40.4	162
40.5	179
40.6	177
40.7	174
40.8	177
40.9	162
41	167
41.1	153
41.2	169
41.3	162
41.4	170
41.5	159
41.6	161
41.7	159
41.8	170
41.9	159
42	157
42.1	169
42.2	151
42.3	178
42.4	171
42.5	164
42.6	155
42.7	155
42.8	172
42.9	157
43	165
43.1	171
43.2	168
43.3	163
43.4	173
43.5	163
43.6	167
43.7	173
43.8	159
43.9	170
44	185
44.1	181
44.2	180
44.3	178
44.4	185
44.5	179
44.6	183
44.7	165
44.8	175
44.9	191
45	167
45.1	177
45.2	181
45.3	177
45.4	172
45.5	184
45.6	174
45.7	179
45.8	179
45.9	180
46	162
46.1	181
46.2	172
46.3	167
46.4	170
46.5	168
46.6	174
46.7	164
46.8	192
46.9	159
47	179
47.1	171
47.2	181
47.3	166
47.4	168
47.5	184
47.6	164
47.7	174
47.8	165
47.9	189
48	188
48.1	176
48.2	165
48.3	170
48.4	177
48.5	174
48.6	179
48.7	175
48.8	166
48.9	182
49	184
49.1	176
49.2	189
49.3	161
49.4	178
49.5	188
49.6	173
49.7	174
49.8	186
49.9	184
50	181
50.1	172
50.2	183
50.3	178
50.4	181
50.5	183
50.6	188
50.7	182
50.8	181
50.9	181
51	187
51.1	190
51.2	179
51.3	180
51.4	189
51.5	189
51.6	178
51.7	183
51.8	182
51.9	177
52	185
52.1	174
52.2	188
52.3	177
52.4	190
52.5	177
52.6	188
52.7	180
52.8	181
52.9	202
53	180
53.1	186
53.2	189
53.3	193
53.4	178
53.5	177
53.6	191
53.7	194
53.8	183
53.9	184
54	175
54.1	193
54.2	166
54.3	187
54.4	173
54.5	182
54.6	189
54.7	182
54.8	185
54.9	195
55	198
55.1	187
55.2	186
55.3	189
55.4	185
55.5	186
55.6	188
55.7	197
55.8	189
55.9	195
56	198
56.1	214
56.2	201
56.3	210
56.4	213
56.5	207
56.6	205
56.7	195
56.8	192
56.9	197
57	215
57.1	198
57.2	200
57.3	196
57.4	221
57.5	216
57.6	201
57.7	217
57.8	212
57.9	207
58	211
58.1	198
58.2	198
58.3	198
58.4	207
58.5	202
58.6	193
58.7	201
58.8	192
58.9	206
59	210
59.1	206
59.2	199
59.3	195
59.4	211
59.5	212
59.6	198
59.7	202
59.8	206
59.9	196
60	194
