19.000000 3.431000 9.721000 10.865000 21.157000 23.445000 22.301000 32.022000 41.171000 38.884000 43.458000
19.100000 2.859000 9.149000 11.436000 16.583000 25.732000 34.881000 37.168000 38.884000 36.025000 42.315000
19.200000 2.859000 8.005000 11.436000 16.583000 20.014000 29.163000 26.304000 38.884000 38.312000 48.033000
19.300000 2.859000 9.149000 16.011000 14.296000 20.014000 30.306000 29.163000 40.599000 38.312000 46.889000
19.400000 3.431000 7.434000 12.008000 21.729000 19.442000 27.447000 32.594000 37.168000 42.315000 47.461000
19.500000 4.003000 9.149000 13.724000 16.583000 25.160000 26.876000 28.019000 34.881000 33.737000 44.602000
19.600000 4.003000 8.577000 14.867000 14.867000 17.155000 31.450000 33.166000 41.171000 44.602000 50.892000
19.700000 2.287000 8.005000 13.724000 19.442000 21.729000 26.304000 29.735000 39.456000 42.315000 45.174000
19.800000 3.431000 5.718000 11.436000 17.726000 25.160000 26.876000 29.735000 38.884000 42.887000 48.033000
19.900000 6.290000 8.577000 16.011000 24.016000 28.019000 34.309000 41.743000 47.461000 52.036000 58.326000
20.000000 6.862000 6.294000 30.773000 57.815000 94.882000 140.109000 184.170000 223.102000 265.298000 307.727000
20.100000 9.149000 10.957000 44.760000 96.048000 142.440000 206.783000 275.089000 336.634000 399.579000 476.976000
20.200000 6.862000 11.423000 50.588000 106.072000 169.949000 230.096000 319.383000 393.284000 454.130000 546.914000
20.300000 7.434000 13.521000 57.116000 111.901000 189.998000 268.328000 352.254000 427.554000 524.068000 620.815000
20.400000 4.003000 4.896000 15.853000 26.810000 42.429000 59.913000 81.594000 99.079000 113.299000 140.575000
20.500000 3.431000 4.663000 9.092000 22.613000 31.006000 41.030000 60.380000 75.766000 83.692000 100.711000
20.600000 5.718000 5.718000 10.865000 16.011000 21.729000 27.447000 34.309000 38.884000 40.027000 40.599000
20.700000 1.715000 8.577000 11.436000 16.583000 25.160000 22.873000 30.306000 33.166000 35.453000 40.027000
20.800000 4.575000 11.436000 13.724000 16.583000 20.586000 26.876000 25.732000 36.025000 37.740000 39.456000
20.900000 1.715000 8.005000 17.726000 16.011000 24.016000 26.876000 26.876000 31.450000 36.597000 45.746000
21.000000 4.575000 7.434000 12.580000 14.867000 21.729000 22.873000 28.019000 34.309000 31.450000 42.315000
21.100000 2.859000 6.290000 11.436000 12.580000 18.870000 22.301000 20.586000 26.304000 42.315000 44.030000
21.200000 2.859000 6.862000 12.008000 16.011000 19.442000 22.301000 28.591000 29.163000 37.168000 42.887000
21.300000 2.859000 10.865000 10.865000 17.155000 17.726000 24.588000 24.588000 36.025000 31.450000 42.315000
21.400000 2.287000 8.005000 13.152000 17.155000 20.586000 22.301000 26.304000 36.597000 37.740000 42.887000
21.500000 4.575000 8.577000 12.008000 13.724000 23.445000 29.163000 28.591000 41.171000 42.315000 49.748000
21.600000 4.003000 10.293000 13.724000 23.445000 26.876000 30.306000 34.881000 43.458000 45.746000 52.036000
21.700000 7.434000 12.008000 14.867000 28.591000 30.878000 40.027000 46.889000 49.177000 56.038000 57.182000
21.800000 6.862000 14.296000 22.301000 32.594000 30.878000 42.315000 40.599000 51.464000 61.185000 68.618000
21.900000 7.434000 12.580000 25.160000 32.594000 37.168000 41.743000 56.610000 64.044000 76.052000 80.055000
22.000000 5.146000 18.870000 28.591000 35.453000 46.317000 60.041000 69.190000 69.762000 78.911000 96.066000
22.100000 10.293000 26.876000 41.743000 59.469000 76.052000 82.342000 96.066000 111.505000 138.381000 128.088000
22.200000 52.036000 110.933000 179.552000 229.300000 283.623000 346.523000 408.852000 463.175000 515.782000 531.221000
22.300000 106.930000 207.571000 332.800000 445.448000 531.793000 639.296000 703.339000 801.121000 880.604000 969.808000
22.400000 180.695000 384.263000 563.243000 753.088000 905.192000 1064.158000 1219.122000 1365.508000 1524.474000 1676.578000
22.500000 230.444000 484.904000 721.066000 964.090000 1190.531000 1380.947000 1527.333000 1746.912000 1875.000000 2079.140000
22.600000 190.416000 385.407000 564.387000 778.248000 933.783000 1094.465000 1217.406000 1436.985000 1587.946000 1770.929000
22.700000 31.450000 64.616000 104.071000 120.082000 167.543000 205.284000 234.446000 287.626000 329.941000 362.534000
22.800000 13.152000 27.447000 41.743000 65.188000 76.052000 74.337000 106.930000 104.071000 129.803000 145.242000
22.900000 5.718000 19.442000 28.591000 36.025000 49.177000 61.185000 65.188000 64.616000 78.911000 90.919000
23.000000 7.434000 12.580000 21.157000 32.594000 40.599000 49.177000 49.177000 57.182000 70.334000 78.339000
23.100000 6.862000 10.293000 24.016000 28.591000 30.306000 40.027000 47.461000 49.748000 56.038000 61.185000
23.200000 3.431000 13.152000 16.583000 21.729000 30.306000 32.594000 36.025000 46.889000 54.323000 64.616000
23.300000 4.575000 12.008000 14.867000 20.014000 30.878000 29.735000 35.453000 46.889000 56.038000 60.613000
23.400000 5.146000 10.865000 16.011000 22.301000 25.160000 28.019000 34.881000 42.887000 43.458000 48.605000
23.500000 4.575000 8.577000 10.293000 16.011000 25.160000 30.306000 37.740000 42.887000 46.889000 45.746000
23.600000 3.431000 11.436000 14.867000 18.870000 22.873000 26.304000 41.171000 40.599000 45.174000 54.323000
23.700000 2.859000 8.577000 13.152000 20.014000 24.588000 29.735000 38.312000 34.881000 42.315000 50.892000
23.800000 2.859000 8.005000 12.008000 18.870000 22.873000 26.876000 30.306000 34.309000 37.168000 50.892000
23.900000 3.431000 6.862000 18.870000 17.155000 21.157000 26.876000 32.594000 34.881000 41.171000 41.743000
24.000000 4.003000 11.436000 13.724000 20.586000 21.157000 29.163000 28.591000 28.019000 38.312000 42.887000
